[[212.005,238.667,231.029],
[211.985,238.592,230.942],
[211.966,238.517,230.854],
[211.946,238.445,230.766],
[211.926,238.375,230.678],
[211.905,238.309,230.589],
[211.883,238.246,230.499],
[211.860,238.189,230.409],
[211.836,238.138,230.317],
[211.810,238.094,230.224],
[211.783,238.057,230.130],
[211.755,238.029,230.034],
[211.724,238.010,229.936],
[211.692,238.000,229.836],
[211.658,237.999,229.735],
[211.622,238.005,229.632],
[211.585,238.018,229.528],
[211.547,238.038,229.421],
[211.507,238.063,229.314],
[211.466,238.092,229.204],
[211.424,238.126,229.093],
[211.381,238.163,228.981],
[211.337,238.203,228.867],
[211.292,238.245,228.751],
[211.247,238.288,228.635],
[211.201,238.332,228.518],
[211.156,238.377,228.401],
[211.111,238.422,228.285],
[211.066,238.466,228.171],
[211.023,238.509,228.060],
[210.981,238.551,227.951],
[210.940,238.590,227.846],
[210.901,238.628,227.746],
[210.864,238.663,227.650],
[210.829,238.694,227.561],
[210.797,238.722,227.478],
[210.767,238.749,227.400],
[210.739,238.775,227.329],
[210.713,238.802,227.263],
[210.689,238.831,227.203],
[210.666,238.865,227.148],
[210.643,238.904,227.097],
[210.622,238.950,227.051],
[210.600,239.004,227.010],
[210.579,239.068,226.972],
[210.558,239.144,226.938],
[210.536,239.232,226.908],
[210.514,239.330,226.881],
[210.492,239.435,226.857],
[210.471,239.546,226.836],
[210.450,239.658,226.817],
[210.430,239.770,226.802],
[210.411,239.878,226.788],
[210.393,239.979,226.777],
[210.377,240.072,226.768],
[210.363,240.152,226.760],
[210.351,240.218,226.754],
[210.341,240.267,226.750],
[210.334,240.299,226.747],
[210.329,240.318,226.744],
[210.325,240.327,226.743],
[210.323,240.328,226.743],
[210.322,240.326,226.743],
[210.323,240.323,226.745],
[210.324,240.322,226.746],
[210.325,240.326,226.749],
[210.326,240.338,226.752],
[210.328,240.362,226.755],
[210.329,240.401,226.758],
[210.329,240.455,226.761],
[210.326,240.524,226.764],
[210.320,240.605,226.766],
[210.308,240.697,226.768],
[210.290,240.798,226.769],
[210.265,240.907,226.768],
[210.230,241.021,226.765],
[210.184,241.140,226.761],
[210.127,241.262,226.755],
[210.057,241.384,226.746],
[209.972,241.505,226.735],
[209.872,241.625,226.721],
[209.760,241.742,226.704],
[209.640,241.856,226.686],
[209.515,241.967,226.666],
[209.388,242.076,226.645],
[209.263,242.181,226.623],
[209.143,242.283,226.601],
[209.032,242.382,226.579],
[208.933,242.477,226.558],
[208.850,242.568,226.538],
[208.785,242.655,226.520],
[208.742,242.738,226.504],
[208.720,242.816,226.489],
[208.715,242.889,226.476],
[208.726,242.954,226.463],
[208.749,243.013,226.451],
[208.782,243.062,226.439],
[208.822,243.103,226.426],
[208.867,243.134,226.413],
[208.912,243.154,226.398],
[208.957,243.162,226.382],
[208.998,243.157,226.363],
[209.033,243.139,226.342],
[209.060,243.110,226.319],
[209.080,243.075,226.296],
[209.093,243.038,226.273],
[209.100,243.005,226.253],
[209.102,242.980,226.237],
[209.098,242.967,226.225],
[209.089,242.972,226.220],
[209.075,242.999,226.224],
[209.057,243.054,226.237],
[209.035,243.140,226.260],
[209.010,243.263,226.296],
[208.982,243.424,226.344],
[208.952,243.615,226.400],
[208.920,243.832,226.462],
[208.887,244.068,226.525],
[208.853,244.316,226.586],
[208.820,244.570,226.642],
[208.786,244.823,226.689],
[208.755,245.069,226.724],
[208.725,245.301,226.742],
[208.697,245.514,226.742],
[208.672,245.700,226.718],
[208.651,245.855,226.669],
[208.631,245.984,226.595],
[208.611,246.090,226.500],
[208.588,246.179,226.385],
[208.562,246.256,226.252],
[208.529,246.326,226.104],
[208.488,246.395,225.942],
[208.438,246.466,225.769],
[208.376,246.546,225.587],
[208.300,246.640,225.398],
[208.209,246.752,225.204],
[208.100,246.888,225.008],
[207.975,247.046,224.810],
[207.836,247.223,224.612],
[207.683,247.416,224.415],
[207.518,247.623,224.220],
[207.344,247.839,224.029],
[207.162,248.062,223.842],
[206.974,248.289,223.661],
[206.781,248.516,223.487],
[206.585,248.740,223.321],
[206.388,248.958,223.164],
[206.192,249.168,223.017],
[205.998,249.366,222.881],
[205.809,249.554,222.756],
[205.625,249.731,222.641],
[205.449,249.896,222.536],
[205.282,250.050,222.440],
[205.127,250.193,222.354],
[204.985,250.323,222.276],
[204.858,250.441,222.207],
[204.747,250.547,222.147],
[204.655,250.641,222.094],
[204.583,250.721,222.050],
[204.531,250.790,222.012],
[204.499,250.849,221.982],
[204.483,250.899,221.957],
[204.481,250.943,221.939],
[204.491,250.984,221.925],
[204.511,251.023,221.916],
[204.538,251.063,221.911],
[204.571,251.105,221.910],
[204.606,251.152,221.911],
[204.642,251.205,221.915],
[204.676,251.268,221.920],
[204.707,251.342,221.927],
[204.733,251.424,221.934],
[204.755,251.514,221.942],
[204.773,251.608,221.949],
[204.787,251.706,221.955],
[204.796,251.805,221.959],
[204.800,251.902,221.962],
[204.800,251.996,221.961],
[204.795,252.084,221.957],
[204.785,252.165,221.950],
[204.771,252.237,221.938],
[204.751,252.297,221.921],
[204.728,252.345,221.900],
[204.700,252.382,221.874],
[204.671,252.408,221.846],
[204.640,252.426,221.815],
[204.609,252.434,221.782],
[204.578,252.434,221.748],
[204.549,252.428,221.715],
[204.522,252.414,221.681],
[204.499,252.395,221.649],
[204.481,252.372,221.619],
[204.468,252.343,221.592],
[204.460,252.313,221.568],
[204.457,252.282,221.547],
[204.456,252.253,221.529],
[204.456,252.230,221.514],
[204.457,252.213,221.501],
[204.456,252.207,221.492],
[204.452,252.212,221.485],
[204.445,252.233,221.481],
[204.431,252.271,221.480],
[204.411,252.329,221.481],
[204.382,252.408,221.485],
[204.344,252.512,221.491],
[204.299,252.635,221.498],
[204.247,252.774,221.507],
[204.190,252.927,221.516],
[204.129,253.088,221.525],
[204.066,253.254,221.533],
[204.002,253.422,221.539],
[203.939,253.587,221.544],
[203.877,253.746,221.545],
[203.819,253.895,221.543],
[203.766,254.031,221.537],
[203.719,254.150,221.526],
[203.677,254.251,221.510],
[203.641,254.337,221.491],
[203.610,254.408,221.469],
[203.584,254.464,221.443],
[203.563,254.506,221.416],
[203.545,254.536,221.387],
[203.530,254.555,221.356],
[203.519,254.562,221.325],
[203.510,254.560,221.294],
[203.504,254.548,221.263],
[203.499,254.528,221.233],
[203.495,254.503,221.204],
[203.491,254.477,221.178],
[203.486,254.455,221.154],
[203.477,254.440,221.133],
[203.466,254.437,221.117],
[203.449,254.451,221.104],
[203.426,254.485,221.097],
[203.396,254.544,221.096],
[203.357,254.632,221.101],
[203.309,254.754,221.112],
[203.250,254.913,221.132],
[203.180,255.110,221.158],
[203.103,255.338,221.190],
[203.019,255.588,221.227],
[202.932,255.853,221.267],
[202.844,256.126,221.309],
[202.758,256.399,221.351],
[202.676,256.665,221.392],
[202.600,256.915,221.430],
[202.534,257.142,221.464],
[202.478,257.339,221.493],
[202.437,257.498,221.515],
[202.411,257.614,221.529],
[202.398,257.692,221.537],
[202.394,257.737,221.539],
[202.398,257.756,221.538],
[202.405,257.755,221.535],
[202.412,257.740,221.530],
[202.418,257.717,221.527],
[202.417,257.692,221.525],
[202.408,257.672,221.527],
[202.387,257.662,221.534],
[202.351,257.669,221.547],
[202.298,257.697,221.569],
[202.229,257.747,221.597],
[202.146,257.816,221.630],
[202.053,257.900,221.667],
[201.951,257.996,221.705],
[201.844,258.101,221.745],
[201.734,258.213,221.783],
[201.625,258.328,221.818],
[201.518,258.443,221.848],
[201.417,258.556,221.873],
[201.324,258.662,221.889],
[201.242,258.760,221.897],
[201.171,258.848,221.895],
[201.111,258.928,221.885],
[201.060,259.000,221.869],
[201.016,259.066,221.848],
[200.978,259.128,221.824],
[200.946,259.185,221.798],
[200.917,259.241,221.772],
[200.891,259.294,221.747],
[200.866,259.348,221.724],
[200.841,259.402,221.706],
[200.814,259.459,221.694],
[200.785,259.519,221.688],
[200.752,259.585,221.689],
[200.714,259.657,221.696],
[200.670,259.738,221.709],
[200.618,259.828,221.727],
[200.559,259.931,221.751],
[200.490,260.047,221.780],
[200.410,260.178,221.814],
[200.319,260.325,221.852],
[200.215,260.491,221.895],
[200.098,260.677,221.941],
[199.966,260.884,221.991],
[199.822,261.107,222.044],
[199.670,261.343,222.098],
[199.513,261.587,222.151],
[199.354,261.833,222.204],
[199.197,262.077,222.254],
[199.044,262.315,222.300],
[198.899,262.542,222.341],
[198.765,262.753,222.376],
[198.646,262.943,222.403],
[198.545,263.108,222.421],
[198.464,263.244,222.430],
[198.404,263.351,222.429],
[198.361,263.432,222.420],
[198.333,263.492,222.404],
[198.318,263.534,222.382],
[198.314,263.561,222.357],
[198.316,263.576,222.328],
[198.324,263.584,222.298],
[198.335,263.587,222.268],
[198.346,263.589,222.239],
[198.354,263.594,222.212],
[198.358,263.605,222.189],
[198.356,263.624,222.170],
[198.349,263.649,222.155],
[198.339,263.681,222.144],
[198.325,263.719,222.136],
[198.310,263.761,222.132],
[198.293,263.808,222.130],
[198.277,263.859,222.132],
[198.261,263.913,222.136],
[198.247,263.969,222.142],
[198.235,264.027,222.150],
[198.227,264.086,222.160],
[198.223,264.146,222.171],
[198.221,264.207,222.184],
[198.220,264.272,222.196],
[198.217,264.339,222.208],
[198.212,264.411,222.220],
[198.202,264.488,222.230],
[198.185,264.572,222.238],
[198.160,264.662,222.244],
[198.126,264.761,222.246],
[198.080,264.868,222.245],
[198.020,264.985,222.240],
[197.946,265.112,222.230],
[197.858,265.248,222.217],
[197.760,265.390,222.204],
[197.652,265.536,222.191],
[197.538,265.683,222.182],
[197.419,265.830,222.177],
[197.298,265.973,222.179],
[197.177,266.110,222.191],
[197.058,266.239,222.213],
[196.942,266.357,222.249],
[196.833,266.463,222.299],
[196.733,266.554,222.367],
[196.641,266.631,222.449],
[196.559,266.698,222.541],
[196.485,266.758,222.639],
[196.420,266.816,222.739],
[196.364,266.874,222.835],
[196.317,266.936,222.925],
[196.278,267.006,223.002],
[196.248,267.087,223.063],
[196.226,267.184,223.103],
[196.212,267.299,223.118],
[196.206,267.436,223.104],
[196.208,267.595,223.058],
[196.217,267.774,222.985],
[196.233,267.969,222.888],
[196.254,268.175,222.771],
[196.281,268.389,222.637],
[196.313,268.608,222.489],
[196.349,268.827,222.331],
[196.389,269.043,222.167],
[196.432,269.253,222.000],
[196.477,269.452,221.833],
[196.523,269.637,221.671],
[196.571,269.806,221.515],
[196.620,269.958,221.367],
[196.668,270.094,221.227],
[196.716,270.215,221.095],
[196.762,270.323,220.971],
[196.806,270.418,220.855],
[196.847,270.500,220.749],
[196.885,270.571,220.652],
[196.919,270.632,220.564],
[196.948,270.683,220.486],
[196.971,270.725,220.417],
[196.988,270.759,220.359],
[197.000,270.787,220.310],
[197.007,270.809,220.269],
[197.010,270.828,220.236],
[197.010,270.843,220.209],
[197.006,270.857,220.186],
[197.001,270.871,220.168],
[196.994,270.885,220.153],
[196.987,270.903,220.139],
[196.980,270.923,220.127],
[196.974,270.949,220.113],
[196.970,270.981,220.099],
[196.968,271.019,220.083],
[196.967,271.063,220.065],
[196.968,271.112,220.046],
[196.971,271.165,220.026],
[196.976,271.222,220.005],
[196.983,271.282,219.983],
[196.991,271.345,219.960],
[197.001,271.410,219.936],
[197.012,271.475,219.913],
[197.026,271.541,219.889],
[197.040,271.607,219.865],
[197.056,271.673,219.842],
[197.073,271.739,219.820],
[197.089,271.806,219.799],
[197.105,271.874,219.780],
[197.120,271.946,219.764],
[197.133,272.020,219.751],
[197.144,272.099,219.742],
[197.151,272.182,219.738],
[197.155,272.271,219.739],
[197.154,272.366,219.746],
[197.149,272.468,219.759],
[197.138,272.577,219.778],
[197.123,272.694,219.801],
[197.106,272.817,219.825],
[197.087,272.947,219.846],
[197.068,273.082,219.861],
[197.051,273.224,219.868],
[197.037,273.370,219.863],
[197.027,273.521,219.843],
[197.023,273.677,219.805],
[197.026,273.836,219.746],
[197.038,273.999,219.663],
[197.059,274.164,219.553],
[197.089,274.333,219.418],
[197.122,274.506,219.264],
[197.157,274.683,219.093],
[197.188,274.864,218.912],
[197.214,275.050,218.723],
[197.231,275.241,218.533],
[197.234,275.438,218.344],
[197.222,275.641,218.163],
[197.189,275.850,217.992],
[197.134,276.066,217.836],
[197.052,276.289,217.701],
[196.944,276.517,217.587],
[196.815,276.748,217.492],
[196.670,276.976,217.416],
[196.513,277.198,217.356],
[196.349,277.411,217.312],
[196.183,277.611,217.280],
[196.020,277.793,217.261],
[195.864,277.955,217.252],
[195.721,278.093,217.251],
[195.594,278.202,217.258],
[195.490,278.279,217.270],
[195.409,278.323,217.285],
[195.351,278.341,217.303],
[195.313,278.339,217.322],
[195.293,278.323,217.339],
[195.289,278.300,217.354],
[195.297,278.277,217.364],
[195.316,278.260,217.367],
[195.344,278.256,217.363],
[195.377,278.272,217.349],
[195.414,278.314,217.324],
[195.453,278.388,217.286],
[195.490,278.500,217.234],
[195.526,278.646,217.171],
[195.559,278.821,217.098],
[195.590,279.017,217.019],
[195.618,279.230,216.937],
[195.642,279.454,216.855],
[195.662,279.682,216.776],
[195.677,279.909,216.702],
[195.687,280.129,216.637],
[195.692,280.337,216.584],
[195.690,280.526,216.545],
[195.682,280.690,216.522],
[195.669,280.830,216.516],
[195.651,280.944,216.524],
[195.631,281.036,216.541],
[195.611,281.105,216.566],
[195.593,281.154,216.595],
[195.577,281.183,216.626],
[195.566,281.193,216.655],
[195.562,281.186,216.680],
[195.566,281.162,216.698],
[195.580,281.123,216.705],
[195.605,281.070,216.700],
[195.641,281.007,216.681],
[195.683,280.941,216.655],
[195.725,280.877,216.626],
[195.763,280.823,216.598],
[195.792,280.786,216.577],
[195.808,280.773,216.567],
[195.804,280.789,216.574],
[195.777,280.843,216.601],
[195.722,280.940,216.655],
[195.633,281.088,216.739],
[195.505,281.294,216.859],
[195.337,281.559,217.016],
[195.136,281.875,217.205],
[194.908,282.231,217.419],
[194.661,282.616,217.652],
[194.403,283.019,217.896],
[194.141,283.429,218.145],
[193.883,283.836,218.391],
[193.636,284.229,218.628],
[193.407,284.596,218.850],
[193.205,284.928,219.049],
[193.037,285.213,219.218],
[192.908,285.442,219.353],
[192.817,285.619,219.454],
[192.760,285.749,219.526],
[192.732,285.839,219.572],
[192.727,285.895,219.597],
[192.742,285.925,219.605],
[192.772,285.934,219.599],
[192.813,285.929,219.584],
[192.858,285.918,219.564],
[192.905,285.905,219.543],
[192.948,285.898,219.525],
[192.983,285.903,219.514],
[193.009,285.921,219.511],
[193.027,285.951,219.514],
[193.038,285.989,219.523],
[193.042,286.034,219.538],
[193.042,286.083,219.556],
[193.039,286.134,219.577],
[193.033,286.185,219.600],
[193.026,286.234,219.623],
[193.019,286.278,219.647],
[193.013,286.315,219.669],
[193.009,286.343,219.689],
[193.008,286.361,219.707],
[193.009,286.370,219.722],
[193.010,286.374,219.736],
[193.011,286.372,219.748],
[193.010,286.368,219.758],
[193.007,286.363,219.769],
[193.000,286.358,219.778],
[192.988,286.356,219.789],
[192.971,286.359,219.799],
[192.948,286.367,219.811],
[192.917,286.384,219.824],
[192.877,286.410,219.838],
[192.831,286.443,219.854],
[192.779,286.483,219.871],
[192.722,286.527,219.890],
[192.663,286.575,219.909],
[192.603,286.623,219.929],
[192.543,286.671,219.950],
[192.485,286.717,219.970],
[192.430,286.759,219.991],
[192.380,286.796,220.012],
[192.336,286.825,220.033],
[192.298,286.846,220.053],
[192.267,286.859,220.072],
[192.239,286.867,220.090],
[192.213,286.870,220.108],
[192.184,286.872,220.125],
[192.152,286.874,220.140],
[192.114,286.877,220.155],
[192.067,286.884,220.168],
[192.009,286.897,220.179],
[191.938,286.916,220.189],
[191.851,286.946,220.198],
[191.745,286.986,220.204],
[191.621,287.038,220.209],
[191.482,287.100,220.210],
[191.330,287.172,220.209],
[191.168,287.253,220.203],
[190.998,287.341,220.192],
[190.822,287.436,220.177],
[190.644,287.536,220.155],
[190.466,287.641,220.127],
[190.290,287.750,220.092],
[190.119,287.862,220.049],
[189.955,287.976,219.998],
[189.801,288.090,219.938],
[189.657,288.205,219.871],
[189.522,288.318,219.799],
[189.396,288.430,219.722],
[189.281,288.540,219.641],
[189.176,288.646,219.559],
[189.081,288.748,219.476],
[188.996,288.844,219.393],
[188.922,288.935,219.313],
[188.858,289.019,219.235],
[188.804,289.096,219.163],
[188.761,289.164,219.095],
[188.728,289.225,219.033],
[188.704,289.278,218.976],
[188.686,289.325,218.923],
[188.676,289.366,218.873],
[188.670,289.402,218.827],
[188.668,289.434,218.783],
[188.670,289.462,218.741],
[188.674,289.487,218.700],
[188.678,289.509,218.660],
[188.682,289.530,218.621],
[188.685,289.549,218.582],
[188.687,289.568,218.542],
[188.688,289.586,218.504],
[188.688,289.602,218.469],
[188.690,289.617,218.436],
[188.692,289.631,218.407],
[188.696,289.643,218.384],
[188.702,289.653,218.366],
[188.711,289.662,218.355],
[188.724,289.668,218.351],
[188.740,289.673,218.357],
[188.761,289.675,218.372],
[188.785,289.675,218.394],
[188.809,289.674,218.421],
[188.832,289.673,218.446],
[188.851,289.672,218.466],
[188.862,289.673,218.476],
[188.863,289.675,218.472],
[188.851,289.681,218.449],
[188.823,289.689,218.403],
[188.778,289.702,218.329],
[188.712,289.721,218.223],
[188.621,289.745,218.080],
[188.507,289.775,217.900]]
