  import numpy as np
  tunnel6_centerline = [[2.006,299.647,283.065,275.262],
  [2.089,299.620,283.023,275.635],
  [2.172,299.593,282.980,276.006],
  [2.256,299.566,282.938,276.373],
  [2.341,299.539,282.897,276.735],
  [2.426,299.513,282.856,277.089],
  [2.513,299.487,282.816,277.433],
  [2.602,299.462,282.778,277.765],
  [2.692,299.439,282.740,278.084],
  [2.785,299.416,282.704,278.388],
  [2.880,299.394,282.670,278.674],
  [2.976,299.373,282.638,278.941],
  [3.072,299.354,282.607,279.187],
  [3.166,299.336,282.579,279.410],
  [3.256,299.320,282.553,279.607],
  [3.341,299.306,282.529,279.778],
  [3.419,299.293,282.509,279.920],
  [3.488,299.282,282.491,280.034],
  [3.547,299.272,282.475,280.123],
  [3.594,299.263,282.460,280.188],
  [3.628,299.255,282.448,280.233],
  [3.650,299.246,282.436,280.258],
  [3.663,299.237,282.426,280.267],
  [3.669,299.228,282.415,280.262],
  [3.668,299.217,282.405,280.245],
  [3.663,299.204,282.395,280.217],
  [3.656,299.190,282.384,280.183],
  [3.647,299.174,282.372,280.142],
  [3.640,299.154,282.359,280.099],
  [3.636,299.132,282.344,280.055],
  [3.634,299.106,282.328,280.012],
  [3.634,299.077,282.309,279.972],
  [3.634,299.043,282.287,279.937],
  [3.634,299.007,282.263,279.906],
  [3.633,298.967,282.237,279.879],
  [3.630,298.925,282.207,279.856],
  [3.624,298.880,282.175,279.836],
  [3.614,298.834,282.140,279.818],
  [3.600,298.787,282.103,279.804],
  [3.581,298.739,282.062,279.791],
  [3.558,298.691,282.019,279.781],
  [3.531,298.643,281.972,279.772],
  [3.503,298.595,281.922,279.765],
  [3.473,298.548,281.869,279.759],
  [3.442,298.503,281.813,279.753],
  [3.412,298.460,281.754,279.748],
  [3.383,298.418,281.691,279.743],
  [3.355,298.380,281.625,279.738],
  [3.331,298.344,281.556,279.734],
  [3.309,298.311,281.484,279.729],
  [3.289,298.280,281.409,279.725],
  [3.271,298.252,281.332,279.722],
  [3.256,298.227,281.253,279.719],
  [3.242,298.205,281.173,279.718],
  [3.229,298.186,281.091,279.717],
  [3.217,298.169,281.007,279.718],
  [3.207,298.156,280.923,279.720],
  [3.196,298.145,280.838,279.724],
  [3.187,298.138,280.752,279.730],
  [3.179,298.133,280.666,279.738],
  [3.171,298.132,280.580,279.747],
  [3.165,298.133,280.495,279.759],
  [3.160,298.138,280.410,279.774],
  [3.157,298.146,280.325,279.791],
  [3.156,298.156,280.239,279.809],
  [3.156,298.169,280.153,279.830],
  [3.159,298.185,280.065,279.852],
  [3.164,298.203,279.975,279.875],
  [3.172,298.223,279.882,279.900],
  [3.182,298.244,279.787,279.925],
  [3.195,298.268,279.688,279.952],
  [3.210,298.293,279.585,279.978],
  [3.228,298.319,279.477,280.005],
  [3.249,298.347,279.365,280.032],
  [3.273,298.376,279.246,280.059],
  [3.300,298.406,279.122,280.085],
  [3.331,298.436,278.991,280.111],
  [3.364,298.467,278.853,280.135],
  [3.401,298.498,278.710,280.159],
  [3.441,298.529,278.561,280.182],
  [3.484,298.560,278.409,280.204],
  [3.530,298.591,278.256,280.224],
  [3.579,298.621,278.102,280.244],
  [3.632,298.651,277.949,280.262],
  [3.688,298.679,277.799,280.279],
  [3.747,298.706,277.652,280.295],
  [3.809,298.732,277.512,280.309],
  [3.871,298.756,277.378,280.322],
  [3.933,298.778,277.252,280.334],
  [3.993,298.797,277.136,280.343],
  [4.049,298.815,277.031,280.352],
  [4.100,298.830,276.939,280.358],
  [4.144,298.841,276.860,280.363],
  [4.179,298.850,276.796,280.367],
  [4.205,298.857,276.745,280.369],
  [4.219,298.862,276.705,280.369],
  [4.224,298.864,276.676,280.369],
  [4.221,298.865,276.657,280.367],
  [4.212,298.865,276.645,280.365],
  [4.199,298.865,276.641,280.362],
  [4.184,298.863,276.642,280.359],
  [4.168,298.862,276.649,280.355],
  [4.154,298.860,276.659,280.351],
  [4.143,298.859,276.671,280.347],
  [4.137,298.859,276.684,280.343],
  [4.135,298.860,276.698,280.339],
  [4.138,298.863,276.710,280.336],
  [4.143,298.867,276.720,280.334],
  [4.149,298.873,276.726,280.332],
  [4.156,298.878,276.729,280.330],
  [4.162,298.883,276.728,280.328],
  [4.166,298.885,276.723,280.326],
  [4.167,298.882,276.713,280.322],
  [4.163,298.875,276.699,280.317],
  [4.154,298.860,276.679,280.309],
  [4.141,298.836,276.653,280.300],
  [4.122,298.803,276.621,280.287],
  [4.099,298.759,276.583,280.272],
  [4.071,298.701,276.539,280.252],
  [4.039,298.630,276.487,280.229],
  [4.003,298.543,276.429,280.201],
  [3.963,298.438,276.362,280.168],
  [3.920,298.316,276.288,280.129],
  [3.872,298.174,276.205,280.085],
  [3.823,298.015,276.116,280.036],
  [3.772,297.842,276.021,279.982],
  [3.721,297.658,275.922,279.925],
  [3.672,297.466,275.821,279.866],
  [3.625,297.268,275.718,279.804],
  [3.583,297.068,275.615,279.741],
  [3.545,296.868,275.513,279.678],
  [3.514,296.671,275.414,279.615],
  [3.491,296.480,275.319,279.553],
  [3.476,296.298,275.230,279.494],
  [3.468,296.128,275.147,279.436],
  [3.465,295.972,275.073,279.383],
  [3.466,295.834,275.009,279.333],
  [3.470,295.717,274.955,279.288],
  [3.476,295.622,274.914,279.250],
  [3.482,295.549,274.884,279.216],
  [3.487,295.495,274.864,279.189],
  [3.490,295.457,274.854,279.166],
  [3.491,295.434,274.851,279.149],
  [3.488,295.421,274.855,279.136],
  [3.484,295.417,274.863,279.128],
  [3.478,295.419,274.876,279.124],
  [3.471,295.424,274.891,279.124],
  [3.464,295.430,274.907,279.128],
  [3.457,295.434,274.922,279.135],
  [3.450,295.433,274.937,279.146],
  [3.444,295.424,274.948,279.159],
  [3.440,295.406,274.955,279.176],
  [3.438,295.375,274.957,279.194],
  [3.435,295.329,274.952,279.216],
  [3.433,295.267,274.941,279.239],
  [3.429,295.192,274.923,279.264],
  [3.424,295.106,274.900,279.290],
  [3.417,295.011,274.872,279.318],
  [3.406,294.908,274.841,279.347],
  [3.391,294.801,274.806,279.376],
  [3.372,294.691,274.770,279.406],
  [3.348,294.580,274.732,279.437],
  [3.320,294.470,274.694,279.467],
  [3.290,294.363,274.656,279.497],
  [3.258,294.262,274.619,279.527],
  [3.226,294.169,274.584,279.555],
  [3.195,294.085,274.551,279.583],
  [3.166,294.013,274.523,279.609],
  [3.141,293.954,274.498,279.634],
  [3.120,293.911,274.478,279.657],
  [3.104,293.880,274.462,279.678],
  [3.094,293.861,274.451,279.697],
  [3.088,293.852,274.443,279.713],
  [3.086,293.851,274.438,279.726],
  [3.087,293.858,274.437,279.735],
  [3.090,293.869,274.438,279.742],
  [3.095,293.885,274.442,279.744],
  [3.101,293.902,274.447,279.742],
  [3.108,293.920,274.455,279.736],
  [3.114,293.937,274.463,279.725],
  [3.120,293.952,274.473,279.709],
  [3.125,293.962,274.483,279.687],
  [3.129,293.966,274.494,279.660],
  [3.131,293.963,274.504,279.628],
  [3.133,293.952,274.514,279.589],
  [3.134,293.931,274.523,279.545],
  [3.133,293.903,274.530,279.497],
  [3.131,293.866,274.535,279.447],
  [3.128,293.821,274.536,279.394],
  [3.122,293.769,274.534,279.341],
  [3.115,293.709,274.526,279.288],
  [3.103,293.643,274.513,279.237],
  [3.088,293.569,274.494,279.188],
  [3.068,293.489,274.468,279.142],
  [3.042,293.402,274.435,279.101],
  [3.009,293.309,274.393,279.066],
  [2.969,293.210,274.342,279.038],
  [2.921,293.106,274.282,279.017],
  [2.863,292.996,274.211,279.006],
  [2.799,292.881,274.129,279.004],
  [2.729,292.761,274.037,279.012],
  [2.656,292.638,273.936,279.028],
  [2.583,292.511,273.828,279.051],
  [2.512,292.381,273.714,279.081],
  [2.445,292.250,273.596,279.117],
  [2.385,292.117,273.475,279.157],
  [2.335,291.983,273.353,279.200],
  [2.296,291.849,273.231,279.247],
  [2.270,291.716,273.110,279.295],
  [2.255,291.584,272.993,279.343],
  [2.249,291.454,272.881,279.392],
  [2.250,291.326,272.774,279.439],
  [2.257,291.202,272.675,279.484],
  [2.268,291.081,272.585,279.525],
  [2.281,290.964,272.506,279.563],
  [2.294,290.853,272.437,279.596],
  [2.305,290.745,272.377,279.625],
  [2.313,290.643,272.327,279.651],
  [2.318,290.544,272.285,279.673],
  [2.321,290.450,272.249,279.693],
  [2.323,290.361,272.220,279.711],
  [2.323,290.275,272.196,279.726],
  [2.322,290.194,272.176,279.740],
  [2.321,290.116,272.159,279.753],
  [2.321,290.043,272.145,279.766],
  [2.322,289.973,272.133,279.778],
  [2.325,289.907,272.121,279.791],
  [2.329,289.845,272.109,279.804],
  [2.335,289.787,272.095,279.818],
  [2.343,289.732,272.080,279.833],
  [2.351,289.680,272.062,279.850],
  [2.360,289.632,272.042,279.869],
  [2.370,289.587,272.020,279.889],
  [2.380,289.546,271.997,279.910],
  [2.390,289.507,271.973,279.933],
  [2.400,289.472,271.948,279.956],
  [2.409,289.439,271.923,279.981],
  [2.417,289.410,271.898,280.006],
  [2.425,289.383,271.874,280.032],
  [2.432,289.360,271.851,280.059],
  [2.438,289.339,271.830,280.086],
  [2.443,289.320,271.810,280.114],
  [2.447,289.305,271.792,280.142],
  [2.449,289.291,271.777,280.170],
  [2.450,289.280,271.765,280.198],
  [2.450,289.272,271.756,280.226],
  [2.448,289.265,271.750,280.253],
  [2.444,289.259,271.747,280.279],
  [2.439,289.253,271.745,280.304],
  [2.432,289.248,271.745,280.327],
  [2.424,289.241,271.747,280.347],
  [2.414,289.232,271.749,280.364],
  [2.403,289.222,271.751,280.378],
  [2.391,289.208,271.753,280.388],
  [2.377,289.191,271.754,280.393],
  [2.362,289.170,271.755,280.394],
  [2.345,289.144,271.754,280.389],
  [2.327,289.112,271.750,280.379],
  [2.306,289.074,271.745,280.363],
  [2.284,289.030,271.736,280.339],
  [2.260,288.978,271.725,280.309],
  [2.233,288.918,271.709,280.273],
  [2.204,288.851,271.689,280.231],
  [2.173,288.777,271.664,280.186],
  [2.139,288.695,271.634,280.139],
  [2.103,288.605,271.598,280.092],
  [2.067,288.508,271.556,280.044],
  [2.030,288.403,271.507,279.999],
  [1.994,288.291,271.450,279.957],
  [1.960,288.172,271.386,279.919],
  [1.928,288.045,271.313,279.887],
  [1.900,287.910,271.231,279.862],
  [1.877,287.768,271.140,279.846],
  [1.858,287.619,271.039,279.839],
  [1.845,287.462,270.927,279.844],
  [1.840,287.299,270.804,279.862],
  [1.843,287.128,270.672,279.891],
  [1.855,286.953,270.530,279.931],
  [1.877,286.774,270.382,279.980],
  [1.911,286.594,270.229,280.037],
  [1.957,286.414,270.073,280.099],
  [2.016,286.235,269.916,280.166],
  [2.090,286.059,269.759,280.236],
  [2.178,285.888,269.604,280.307],
  [2.277,285.723,269.453,280.378],
  [2.383,285.566,269.308,280.447],
  [2.494,285.418,269.170,280.513],
  [2.605,285.281,269.041,280.573],
  [2.714,285.157,268.924,280.627],
  [2.816,285.047,268.819,280.673],
  [2.909,284.953,268.728,280.709],
  [2.988,284.875,268.653,280.735],
  [3.052,284.812,268.591,280.751],
  [3.099,284.763,268.543,280.760],
  [3.133,284.727,268.505,280.761],
  [3.154,284.702,268.478,280.755],
  [3.166,284.688,268.459,280.745],
  [3.168,284.683,268.448,280.730],
  [3.164,284.685,268.443,280.712],
  [3.156,284.694,268.444,280.692],
  [3.144,284.709,268.447,280.671],
  [3.132,284.727,268.454,280.650],
  [3.120,284.749,268.461,280.629],
  [3.109,284.772,268.468,280.611],
  [3.098,284.796,268.473,280.596],
  [3.090,284.819,268.476,280.585],
  [3.083,284.840,268.475,280.579],
  [3.078,284.859,268.470,280.576],
  [3.077,284.875,268.462,280.577],
  [3.078,284.888,268.451,280.581],
  [3.083,284.898,268.438,280.586],
  [3.092,284.904,268.421,280.593],
  [3.104,284.906,268.403,280.599],
  [3.119,284.903,268.383,280.605],
  [3.135,284.896,268.362,280.609],
  [3.151,284.883,268.340,280.611],
  [3.167,284.864,268.316,280.610],
  [3.183,284.840,268.293,280.605],
  [3.196,284.809,268.269,280.595],
  [3.206,284.772,268.245,280.580],
  [3.213,284.727,268.222,280.558],
  [3.217,284.675,268.199,280.530],
  [3.217,284.615,268.177,280.495],
  [3.216,284.548,268.156,280.455],
  [3.213,284.474,268.135,280.410],
  [3.211,284.393,268.114,280.362],
  [3.208,284.304,268.092,280.312],
  [3.207,284.208,268.071,280.260],
  [3.207,284.106,268.049,280.208],
  [3.211,283.996,268.026,280.156],
  [3.217,283.880,268.003,280.106],
  [3.226,283.757,267.978,280.059],
  [3.238,283.627,267.952,280.015],
  [3.252,283.491,267.924,279.976],
  [3.267,283.348,267.895,279.943],
  [3.284,283.199,267.864,279.916],
  [3.301,283.044,267.831,279.897],
  [3.320,282.883,267.796,279.885],
  [3.338,282.718,267.760,279.881],
  [3.356,282.550,267.724,279.883],
  [3.373,282.380,267.689,279.891],
  [3.389,282.210,267.655,279.905],
  [3.404,282.041,267.623,279.923],
  [3.416,281.874,267.595,279.945],
  [3.425,281.711,267.569,279.971],
  [3.431,281.552,267.548,280.000],
  [3.434,281.399,267.533,280.032],
  [3.432,281.254,267.523,280.065],
  [3.425,281.117,267.520,280.100],
  [3.414,280.989,267.525,280.135],
  [3.400,280.873,267.538,280.170],
  [3.383,280.769,267.560,280.204],
  [3.365,280.678,267.591,280.238],
  [3.348,280.598,267.630,280.270],
  [3.332,280.529,267.675,280.300],
  [3.318,280.468,267.726,280.328],
  [3.308,280.415,267.780,280.353],
  [3.303,280.367,267.837,280.375],
  [3.304,280.325,267.896,280.393],
  [3.309,280.286,267.955,280.407],
  [3.318,280.250,268.012,280.417],
  [3.329,280.214,268.067,280.422],
  [3.342,280.178,268.119,280.421],
  [3.355,280.140,268.165,280.415],
  [3.367,280.099,268.205,280.403],
  [3.378,280.054,268.238,280.384],
  [3.385,280.003,268.262,280.358],
  [3.388,279.945,268.276,280.325],
  [3.387,279.881,268.281,280.285],
  [3.384,279.809,268.278,280.240],
  [3.379,279.730,268.267,280.189],
  [3.373,279.644,268.251,280.135],
  [3.367,279.550,268.230,280.078],
  [3.364,279.450,268.204,280.018],
  [3.363,279.341,268.175,279.957],
  [3.367,279.225,268.143,279.895],
  [3.375,279.102,268.110,279.833],
  [3.389,278.970,268.077,279.772],
  [3.409,278.831,268.044,279.712],
  [3.436,278.684,268.012,279.656],
  [3.468,278.528,267.983,279.602],
  [3.506,278.365,267.957,279.553],
  [3.550,278.194,267.935,279.509],
  [3.601,278.015,267.917,279.470],
  [3.657,277.833,267.902,279.435],
  [3.719,277.647,267.891,279.404],
  [3.788,277.461,267.883,279.377],
  [3.861,277.276,267.877,279.353],
  [3.936,277.094,267.874,279.332],
  [4.012,276.916,267.872,279.314],
  [4.087,276.746,267.872,279.298],
  [4.158,276.584,267.872,279.284],
  [4.225,276.433,267.874,279.271],
  [4.284,276.295,267.875,279.259],
  [4.333,276.171,267.876,279.248],
  [4.372,276.064,267.877,279.238],
  [4.400,275.975,267.877,279.227],
  [4.417,275.906,267.876,279.216],
  [4.426,275.857,267.874,279.204],
  [4.427,275.824,267.870,279.193],
  [4.423,275.805,267.865,279.182],
  [4.414,275.798,267.859,279.171],
  [4.402,275.799,267.852,279.162],
  [4.388,275.806,267.844,279.155],
  [4.374,275.817,267.836,279.149],
  [4.361,275.827,267.827,279.146],
  [4.349,275.836,267.817,279.145],
  [4.340,275.839,267.808,279.148],
  [4.333,275.835,267.797,279.154],
  [4.330,275.820,267.787,279.164],
  [4.331,275.792,267.776,279.178],
  [4.337,275.748,267.765,279.196],
  [4.348,275.686,267.755,279.220],
  [4.366,275.604,267.745,279.249],
  [4.389,275.506,267.735,279.281],
  [4.419,275.394,267.725,279.318],
  [4.454,275.269,267.717,279.357],
  [4.494,275.136,267.709,279.398],
  [4.538,274.996,267.703,279.440],
  [4.585,274.852,267.698,279.483],
  [4.635,274.707,267.694,279.525],
  [4.686,274.562,267.692,279.567],
  [4.737,274.421,267.692,279.606],
  [4.789,274.287,267.694,279.644],
  [4.840,274.161,267.698,279.678],
  [4.890,274.047,267.705,279.708],
  [4.937,273.946,267.714,279.733],
  [4.982,273.862,267.726,279.753],
  [5.023,273.795,267.741,279.767],
  [5.061,273.745,267.758,279.776],
  [5.093,273.708,267.775,279.781],
  [5.120,273.683,267.792,279.783],
  [5.142,273.667,267.807,279.783],
  [5.156,273.657,267.820,279.782],
  [5.165,273.651,267.829,279.781],
  [5.170,273.647,267.833,279.781],
  [5.171,273.642,267.832,279.783],
  [5.170,273.634,267.823,279.788],
  [5.168,273.621,267.807,279.797],
  [5.166,273.600,267.782,279.811],
  [5.165,273.569,267.746,279.831],
  [5.167,273.526,267.700,279.859],
  [5.173,273.468,267.641,279.894],
  [5.183,273.392,267.569,279.938],
  [5.198,273.302,267.484,279.990],
  [5.218,273.197,267.390,280.050],
  [5.242,273.082,267.287,280.115],
  [5.272,272.957,267.178,280.185],
  [5.307,272.825,267.063,280.259],
  [5.347,272.689,266.945,280.336],
  [5.393,272.551,266.826,280.413],
  [5.444,272.412,266.706,280.491],
  [5.501,272.274,266.589,280.568],
  [5.562,272.141,266.476,280.643],
  [5.625,272.015,266.368,280.715],
  [5.688,271.897,266.267,280.783],
  [5.749,271.789,266.175,280.845],
  [5.808,271.694,266.093,280.900],
  [5.861,271.615,266.024,280.948],
  [5.908,271.550,265.968,280.988],
  [5.945,271.500,265.923,281.021],
  [5.973,271.461,265.889,281.047],
  [5.991,271.435,265.864,281.067],
  [6.000,271.418,265.848,281.081],
  [6.002,271.409,265.839,281.090],
  [5.999,271.409,265.838,281.095],
  [5.991,271.414,265.842,281.096],
  [5.981,271.424,265.850,281.094],
  [5.969,271.438,265.863,281.088],
  [5.957,271.454,265.878,281.081],
  [5.947,271.471,265.896,281.072],
  [5.939,271.487,265.914,281.061],
  [5.933,271.502,265.933,281.051],
  [5.929,271.514,265.950,281.040],
  [5.926,271.523,265.966,281.029],
  [5.925,271.529,265.980,281.020],
  [5.924,271.531,265.992,281.011],
  [5.924,271.532,266.001,281.004],
  [5.924,271.530,266.009,280.998],
  [5.925,271.526,266.014,280.993],
  [5.925,271.522,266.017,280.991],
  [5.924,271.516,266.016,280.991],
  [5.924,271.510,266.013,280.994],
  [5.924,271.504,266.007,280.999],
  [5.923,271.498,265.997,281.007],
  [5.924,271.493,265.984,281.019],
  [5.925,271.489,265.967,281.035],
  [5.927,271.486,265.947,281.054],
  [5.930,271.485,265.922,281.077],
  [5.933,271.486,265.894,281.104],
  [5.938,271.487,265.861,281.136],
  [5.944,271.489,265.825,281.171],
  [5.951,271.490,265.786,281.209],
  [5.958,271.488,265.743,281.250],
  [5.966,271.483,265.698,281.294],
  [5.974,271.473,265.649,281.339],
  [5.982,271.459,265.598,281.387],
  [5.990,271.437,265.544,281.436],
  [5.997,271.409,265.488,281.486],
  [6.004,271.372,265.429,281.537],
  [6.011,271.325,265.369,281.589],
  [6.019,271.268,265.308,281.641],
  [6.028,271.199,265.244,281.692],
  [6.037,271.117,265.180,281.743],
  [6.049,271.022,265.114,281.792],
  [6.063,270.914,265.047,281.841],
  [6.079,270.796,264.980,281.889],
  [6.098,270.669,264.914,281.935],
  [6.121,270.534,264.847,281.980],
  [6.147,270.394,264.782,282.024],
  [6.174,270.251,264.718,282.066],
  [6.204,270.105,264.656,282.107],
  [6.233,269.958,264.596,282.146],
  [6.263,269.813,264.538,282.183],
  [6.292,269.671,264.483,282.218],
  [6.319,269.534,264.432,282.252],
  [6.343,269.403,264.385,282.284],
  [6.364,269.280,264.341,282.313],
  [6.382,269.167,264.303,282.341],
  [6.397,269.066,264.269,282.366],
  [6.410,268.976,264.240,282.389],
  [6.422,268.896,264.214,282.411],
  [6.434,268.824,264.191,282.431],
  [6.448,268.760,264.170,282.449],
  [6.463,268.702,264.150,282.466],
  [6.481,268.649,264.129,282.483],
  [6.502,268.599,264.108,282.499],
  [6.528,268.551,264.084,282.514],
  [6.559,268.504,264.058,282.529],
  [6.593,268.457,264.027,282.544],
  [6.630,268.408,263.992,282.560],
  [6.671,268.355,263.951,282.576],
  [6.714,268.298,263.904,282.592],
  [6.759,268.235,263.848,282.610],
  [6.805,268.165,263.785,282.629],
  [6.853,268.088,263.712,282.649],
  [6.902,268.004,263.633,282.670],
  [6.950,267.915,263.548,282.692],
  [6.999,267.822,263.459,282.714],
  [7.046,267.726,263.367,282.736],
  [7.091,267.628,263.274,282.759],
  [7.133,267.530,263.181,282.780],
  [7.171,267.431,263.090,282.801],
  [7.206,267.335,263.003,282.821],
  [7.235,267.240,262.920,282.839],
  [7.259,267.150,262.843,282.856],
  [7.277,267.064,262.773,282.871],
  [7.289,266.985,262.713,282.883],
  [7.297,266.912,262.664,282.893],
  [7.302,266.848,262.627,282.900],
  [7.304,266.792,262.602,282.904],
  [7.304,266.743,262.589,282.905],
  [7.304,266.699,262.585,282.902],
  [7.303,266.658,262.590,282.896],
  [7.304,266.618,262.602,282.886],
  [7.307,266.576,262.618,282.872],
  [7.312,266.531,262.638,282.853],
  [7.321,266.482,262.659,282.830],
  [7.335,266.424,262.680,282.802],
  [7.354,266.358,262.700,282.770],
  [7.380,266.280,262.716,282.732],
  [7.413,266.189,262.728,282.689],
  [7.455,266.083,262.733,282.641],
  [7.505,265.960,262.730,282.587],
  [7.566,265.817,262.718,282.528],
  [7.636,265.654,262.694,282.462],
  [7.715,265.471,262.659,282.392],
  [7.800,265.272,262.615,282.317],
  [7.889,265.060,262.561,282.240],
  [7.982,264.836,262.500,282.161],
  [8.075,264.605,262.430,282.082],
  [8.167,264.368,262.355,282.003],
  [8.257,264.128,262.273,281.926],
  [8.342,263.889,262.187,281.852],
  [8.422,263.652,262.097,281.782],
  [8.495,263.420,262.004,281.717],
  [8.564,263.197,261.909,281.658],
  [8.628,262.985,261.812,281.606],
  [8.688,262.786,261.714,281.563],
  [8.745,262.604,261.617,281.530],
  [8.800,262.441,261.521,281.507],
  [8.853,262.296,261.427,281.495],
  [8.904,262.165,261.338,281.494],
  [8.955,262.046,261.254,281.502],
  [9.004,261.935,261.177,281.519],
  [9.052,261.830,261.108,281.546],
  [9.098,261.726,261.050,281.580],
  [9.139,261.622,261.003,281.622],
  [9.176,261.513,260.969,281.672],
  [9.207,261.396,260.950,281.729],
  [9.231,261.269,260.947,281.792],
  [9.248,261.127,260.962,281.860],
  [9.257,260.969,260.997,281.934],
  [9.257,260.790,261.052,282.013],
  [9.252,260.587,261.129,282.096],
  [9.244,260.358,261.230,282.183],
  [9.237,260.102,261.355,282.273],
  [9.234,259.823,261.500,282.365],
  [9.238,259.523,261.663,282.458],
  [9.253,259.208,261.841,282.552],
  [9.281,258.881,262.030,282.645],
  [9.325,258.546,262.228,282.736],
  [9.388,258.205,262.432,282.825],
  [9.469,257.864,262.639,282.910],
  [9.562,257.526,262.846,282.990],
  [9.664,257.194,263.050,283.065],
  [9.771,256.872,263.248,283.133],
  [9.878,256.564,263.437,283.194],
  [9.981,256.274,263.614,283.246],
  [10.077,256.005,263.776,283.289],
  [10.160,255.762,263.921,283.321],
  [10.227,255.546,264.046,283.343],
  [10.276,255.356,264.153,283.355],
  [10.309,255.192,264.242,283.358],
  [10.328,255.051,264.317,283.353],
  [10.336,254.932,264.378,283.341],
  [10.334,254.834,264.427,283.323],
  [10.325,254.754,264.466,283.301],
  [10.310,254.693,264.495,283.276],
  [10.292,254.647,264.517,283.248],
  [10.273,254.615,264.534,283.218],
  [10.255,254.597,264.546,283.188],
  [10.238,254.590,264.556,283.159],
  [10.222,254.592,264.565,283.131],
  [10.208,254.604,264.574,283.106],
  [10.196,254.622,264.585,283.085],
  [10.186,254.646,264.600,283.069],
  [10.178,254.673,264.618,283.058],
  [10.173,254.703,264.637,283.050],
  [10.171,254.732,264.656,283.046],
  [10.172,254.761,264.675,283.045],
  [10.176,254.786,264.693,283.047],
  [10.181,254.807,264.707,283.051],
  [10.188,254.822,264.717,283.056],
  [10.196,254.828,264.722,283.063],
  [10.203,254.825,264.721,283.070],
  [10.210,254.810,264.712,283.077],
  [10.215,254.782,264.695,283.084],
  [10.217,254.740,264.668,283.090],
  [10.217,254.681,264.630,283.095],
  [10.213,254.604,264.580,283.098],
  [10.207,254.507,264.516,283.098],
  [10.200,254.392,264.441,283.097],
  [10.193,254.260,264.355,283.093],
  [10.188,254.115,264.260,283.088],
  [10.185,253.958,264.158,283.083],
  [10.186,253.793,264.051,283.077],
  [10.192,253.621,263.941,283.070],
  [10.204,253.446,263.829,283.065],
  [10.223,253.269,263.718,283.060],
  [10.248,253.093,263.609,283.057],
  [10.278,252.921,263.504,283.055],
  [10.312,252.755,263.405,283.056],
  [10.348,252.598,263.314,283.060],
  [10.384,252.452,263.232,283.067],
  [10.419,252.319,263.161,283.077],
  [10.452,252.203,263.103,283.091],
  [10.481,252.103,263.059,283.109],
  [10.505,252.021,263.027,283.130],
  [10.522,251.954,263.005,283.153],
  [10.532,251.903,262.993,283.175],
  [10.534,251.868,262.989,283.197],
  [10.529,251.847,262.991,283.216],
  [10.514,251.840,262.998,283.233],
  [10.491,251.846,263.008,283.245],
  [10.457,251.865,263.020,283.251],
  [10.413,251.897,263.034,283.251],
  [10.357,251.941,263.046,283.242],
  [10.291,251.996,263.056,283.225],
  [10.218,252.063,263.063,283.197],
  [10.143,252.139,263.064,283.157],
  [10.072,252.225,263.059,283.105],
  [10.008,252.319,263.047,283.041],
  [9.958,252.416,263.029,282.967],
  [9.925,252.510,263.009,282.888],
  [9.915,252.595,262.987,282.808],
  [9.933,252.666,262.965,282.730],
  [9.982,252.717,262.946,282.658],
  [10.059,252.742,262.932,282.596],
  [10.150,252.737,262.925,282.549],
  [10.244,252.694,262.927,282.519],
  [10.330,252.609,262.939,282.510],
  [10.396,252.476,262.964,282.527],
  [10.429,252.289,263.003,282.573],
  [10.418,252.042,263.059,282.653],
  [10.352,251.731,263.135,282.769],
  [10.218,251.348,263.230,282.926],
  [10.014,250.892,263.348,283.127],
  [9.752,250.369,263.486,283.368],
  [9.448,249.789,263.641,283.646],
  [9.119,249.163,263.811,283.956],
  [8.779,248.503,263.993,284.293],
  [8.444,247.818,264.183,284.653],
  [8.129,247.118,264.378,285.033],
  [7.851,246.415,264.577,285.426],
  [7.624,245.720,264.776,285.830],
  [7.461,245.041,264.971,286.239],
  [7.361,244.391,265.162,286.650],
  [7.315,243.780,265.343,287.057],
  [7.315,243.218,265.513,287.457],
  [7.353,242.716,265.669,287.845],
  [7.419,242.284,265.807,288.216],
  [7.506,241.932,265.926,288.567],
  [7.605,241.659,266.025,288.896],
  [7.709,241.459,266.105,289.204],
  [7.808,241.325,266.168,289.492],
  [7.899,241.249,266.216,289.758],
  [7.980,241.224,266.250,290.005],
  [8.053,241.244,266.272,290.233],
  [8.116,241.302,266.283,290.442],
  [8.171,241.390,266.284,290.633],
  [8.216,241.501,266.278,290.805],
  [8.252,241.629,266.266,290.961],
  [8.279,241.767,266.249,291.099],
  [8.297,241.908,266.228,291.221],
  [8.305,242.044,266.207,291.328],
  [8.306,242.168,266.185,291.418],
  [8.301,242.275,266.164,291.494],
  [8.292,242.360,266.145,291.556],
  [8.280,242.425,266.129,291.605],
  [8.267,242.472,266.115,291.642],
  [8.255,242.502,266.102,291.668],
  [8.245,242.517,266.092,291.684],
  [8.239,242.518,266.083,291.692],
  [8.239,242.507,266.076,291.692],
  [8.245,242.486,266.070,291.686],
  [8.255,242.456,266.066,291.674],
  [8.268,242.419,266.063,291.658],
  [8.283,242.376,266.062,291.638],
  [8.300,242.328,266.061,291.617],
  [8.316,242.279,266.062,291.594],
  [8.330,242.228,266.064,291.571],
  [8.343,242.179,266.066,291.550],
  [8.351,242.131,266.069,291.531],
  [8.355,242.084,266.072,291.516],
  [8.353,242.040,266.071,291.506],
  [8.345,241.998,266.068,291.503],
  [8.328,241.958,266.059,291.508],
  [8.303,241.920,266.043,291.523],
  [8.268,241.884,266.019,291.550],
  [8.223,241.850,265.986,291.589],
  [8.165,241.818,265.942,291.643],
  [8.095,241.788,265.886,291.712],
  [8.012,241.760,265.816,291.799],
  [7.915,241.735,265.731,291.905],
  [7.807,241.711,265.630,292.031],
  [7.687,241.690,265.510,292.179],
  [7.558,241.670,265.372,292.351],
  [7.419,241.653,265.212,292.547],
  [7.273,241.637,265.035,292.765],
  [7.119,241.624,264.841,293.003],
  [6.960,241.611,264.633,293.257],
  [6.796,241.600,264.415,293.526],
  [6.628,241.589,264.188,293.806],
  [6.460,241.580,263.954,294.094],
  [6.294,241.570,263.717,294.388],
  [6.133,241.560,263.478,294.685],
  [5.979,241.550,263.241,294.982],
  [5.835,241.540,263.007,295.276],
  [5.703,241.529,262.779,295.566],
  [5.587,241.517,262.560,295.846],
  [5.489,241.503,262.352,296.116],
  [5.410,241.488,262.158,296.373],
  [5.349,241.472,261.979,296.613],
  [5.303,241.453,261.816,296.836],
  [5.272,241.433,261.669,297.042],
  [5.253,241.412,261.537,297.233],
  [5.243,241.391,261.418,297.408],
  [5.241,241.368,261.313,297.569],
  [5.244,241.345,261.220,297.715],
  [5.251,241.323,261.139,297.847],
  [5.260,241.300,261.070,297.966],
  [5.269,241.279,261.010,298.072],
  [5.278,241.258,260.961,298.166],
  [5.288,241.238,260.920,298.248],
  [5.297,241.220,260.888,298.320],
  [5.306,241.203,260.863,298.380],
  [5.314,241.189,260.844,298.430],
  [5.321,241.177,260.832,298.471],
  [5.326,241.167,260.825,298.503],
  [5.330,241.159,260.823,298.526],
  [5.332,241.153,260.824,298.544],
  [5.332,241.148,260.828,298.555],
  [5.331,241.145,260.834,298.562],
  [5.329,241.142,260.842,298.565],
  [5.327,241.140,260.849,298.565],
  [5.324,241.138,260.856,298.564],
  [5.321,241.136,260.862,298.563],
  [5.318,241.134,260.866,298.562],
  [5.316,241.131,260.867,298.562],
  [5.314,241.127,260.864,298.566],
  [5.314,241.122,260.856,298.573],
  [5.314,241.115,260.843,298.584],
  [5.315,241.107,260.824,298.602],
  [5.316,241.096,260.799,298.626],
  [5.318,241.084,260.767,298.656],
  [5.321,241.069,260.731,298.692],
  [5.324,241.052,260.691,298.734],
  [5.328,241.033,260.649,298.781],
  [5.332,241.012,260.604,298.834],
  [5.337,240.989,260.558,298.891],
  [5.341,240.964,260.513,298.953],
  [5.345,240.937,260.468,299.020],
  [5.348,240.907,260.425,299.090],
  [5.350,240.875,260.386,299.165],
  [5.351,240.841,260.349,299.243],
  [5.350,240.805,260.318,299.324],
  [5.348,240.767,260.293,299.408],
  [5.342,240.726,260.274,299.495],
  [5.335,240.683,260.262,299.584],
  [5.325,240.637,260.257,299.676],
  [5.314,240.588,260.259,299.770],
  [5.302,240.536,260.266,299.865],
  [5.290,240.480,260.279,299.963],
  [5.278,240.420,260.296,300.061],
  [5.267,240.355,260.316,300.162],
  [5.257,240.284,260.340,300.263],
  [5.249,240.208,260.366,300.365],
  [5.243,240.127,260.394,300.468],
  [5.241,240.039,260.423,300.572],
  [5.240,239.944,260.453,300.676],
  [5.243,239.842,260.482,300.780],
  [5.248,239.732,260.511,300.884],
  [5.255,239.614,260.538,300.988],
  [5.265,239.488,260.563,301.092],
  [5.277,239.355,260.585,301.196],
  [5.292,239.216,260.605,301.300],
  [5.309,239.072,260.622,301.406],
  [5.329,238.926,260.636,301.514],
  [5.350,238.778,260.646,301.625],
  [5.372,238.631,260.652,301.738],
  [5.395,238.485,260.655,301.856],
  [5.418,238.343,260.654,301.978],
  [5.440,238.206,260.648,302.105],
  [5.460,238.075,260.637,302.238],
  [5.479,237.953,260.622,302.377],
  [5.496,237.839,260.602,302.524],
  [5.509,237.737,260.576,302.678],
  [5.520,237.648,260.545,302.841],
  [5.529,237.573,260.508,303.012],
  [5.537,237.512,260.465,303.192],
  [5.544,237.464,260.417,303.378],
  [5.550,237.429,260.364,303.569],
  [5.557,237.403,260.308,303.762],
  [5.564,237.388,260.247,303.956],
  [5.573,237.380,260.183,304.148],
  [5.584,237.379,260.116,304.337],
  [5.596,237.384,260.047,304.521],
  [5.609,237.393,259.976,304.697],
  [5.622,237.405,259.904,304.865],
  [5.634,237.419,259.831,305.021],
  [5.644,237.433,259.757,305.164],
  [5.652,237.447,259.683,305.292],
  [5.655,237.459,259.611,305.403],
  [5.654,237.467,259.539,305.495],
  [5.648,237.471,259.468,305.568],
  [5.636,237.471,259.398,305.623],
  [5.618,237.465,259.329,305.663],
  [5.596,237.455,259.261,305.691],
  [5.570,237.438,259.192,305.709],
  [5.541,237.416,259.123,305.719],
  [5.510,237.387,259.053,305.723],
  [5.477,237.352,258.982,305.725],
  [5.444,237.310,258.910,305.727],
  [5.410,237.260,258.835,305.731],
  [5.377,237.203,258.759,305.740],
  [5.345,237.138,258.680,305.756],
  [5.314,237.064,258.599,305.781],
  [5.283,236.982,258.514,305.818],
  [5.252,236.891,258.426,305.870],
  [5.222,236.791,258.334,305.937],
  [5.192,236.682,258.239,306.020],
  [5.162,236.566,258.142,306.116],
  [5.132,236.443,258.043,306.223],
  [5.101,236.314,257.944,306.339],
  [5.071,236.180,257.845,306.462],
  [5.040,236.041,257.748,306.590],
  [5.011,235.900,257.652,306.722],
  [4.983,235.755,257.559,306.855],
  [4.958,235.609,257.470,306.987],
  [4.935,235.463,257.385,307.116],
  [4.915,235.316,257.305,307.241],
  [4.899,235.170,257.231,307.360],
  [4.888,235.026,257.165,307.469],
  [4.881,234.884,257.106,307.569],
  [4.878,234.746,257.055,307.656],
  [4.880,234.612,257.012,307.731],
  [4.884,234.482,256.974,307.796],
  [4.891,234.356,256.939,307.851],
  [4.900,234.235,256.906,307.899],
  [4.910,234.120,256.871,307.941],
  [4.920,234.009,256.833,307.978],
  [4.930,233.904,256.790,308.012],
  [4.940,233.805,256.740,308.044],
  [4.948,233.712,256.681,308.076],
  [4.956,233.626,256.610,308.108],
  [4.965,233.546,256.526,308.144],
  [4.974,233.473,256.427,308.183],
  [4.983,233.408,256.310,308.227],
  [4.994,233.350,256.174,308.278],
  [5.007,233.301,256.016,308.337],
  [5.023,233.259,255.837,308.405],
  [5.040,233.223,255.639,308.480],
  [5.061,233.194,255.426,308.562],
  [5.084,233.171,255.200,308.650],
  [5.110,233.151,254.964,308.743],
  [5.137,233.136,254.721,308.841],
  [5.166,233.124,254.473,308.941],
  [5.196,233.114,254.225,309.044],
  [5.227,233.106,253.977,309.148],
  [5.257,233.098,253.734,309.252],
  [5.288,233.091,253.498,309.357],
  [5.318,233.082,253.271,309.460],
  [5.348,233.073,253.057,309.562],
  [5.379,233.060,252.859,309.660],
  [5.409,233.045,252.679,309.755],
  [5.440,233.026,252.519,309.845],
  [5.473,233.004,252.378,309.931],
  [5.507,232.979,252.255,310.013],
  [5.543,232.951,252.147,310.092],
  [5.582,232.920,252.054,310.168],
  [5.623,232.887,251.975,310.241],
  [5.666,232.852,251.908,310.311],
  [5.713,232.814,251.851,310.379],
  [5.761,232.776,251.804,310.445],
  [5.811,232.735,251.765,310.509],
  [5.863,232.694,251.733,310.571],
  [5.916,232.651,251.706,310.633],
  [5.970,232.608,251.683,310.693],
  [6.024,232.564,251.663,310.753],
  [6.079,232.520,251.644,310.813]]
